0 0.933911 0.852088 0.132035 0.29281
0 0.472849 0.791656 0.0993038 0.202137
0 0.634539 0.756311 0.0963627 0.179014
0 0.407527 0.581394 0.0365456 0.18629
0 0.358531 0.731715 0.112765 0.192981
63 0.550343 0.915615 0.149102 0.168769
0 0.86145 0.684212 0.0906795 0.132704
56 0.27173 0.883352 0.238652 0.152341
56 0.704131 0.865516 0.0504175 0.145839
56 0.361174 0.947368 0.109412 0.104287
0 0.207247 0.746683 0.117684 0.203521
56 0.637067 0.880341 0.0634012 0.148786
56 0.85782 0.808316 0.0423945 0.130567
0 0.83437 0.886931 0.205707 0.223862
0 0.76099 0.527254 0.0293704 0.0719215
56 0.853914 0.789365 0.0352142 0.0901621
56 0.743509 0.853291 0.102194 0.167944
0 0.421493 0.728091 0.0585098 0.115249
0 0.73781 0.709036 0.0952316 0.169493
56 0.434215 0.601915 0.0297359 0.0614232
0 0.205753 0.807576 0.121581 0.318458
0 0.784523 0.953081 0.131621 0.093837
56 0.493513 0.663847 0.0346131 0.0699693
0 0.374031 0.552809 0.0306829 0.0617837
56 0.74526 0.855917 0.0662991 0.160749
