56 0.751338 0.788733 0.0897213 0.206047
0 0.0511612 0.725214 0.102178 0.363666
0 0.642101 0.686014 0.100671 0.237009
0 0.889622 0.617388 0.103234 0.170468
0 0.803759 0.549278 0.034052 0.158892
56 0.963735 0.858693 0.0716019 0.26995
0 0.381318 0.586752 0.0575979 0.0857371
0 0.964395 0.649706 0.0705135 0.372743
56 0.912594 0.672675 0.0676121 0.112658
0 0.842418 0.50838 0.030547 0.0859196
56 0.027767 0.832655 0.0551412 0.175489
0 0.500876 0.619742 0.0503015 0.0937838
0 0.968001 0.609192 0.0632256 0.288375
0 0.433574 0.594318 0.0523217 0.08614
