63 0.276536 0.876037 0.182984 0.242562
0 0.0298315 0.836435 0.0595573 0.312655
0 0.349512 0.679072 0.101852 0.16777
63 0.504439 0.93564 0.130869 0.12872
0 0.918332 0.538316 0.0334278 0.197131
0 0.0815822 0.868035 0.133359 0.263929
63 0.170148 0.786504 0.0799154 0.180592
63 0.431542 0.703598 0.0446796 0.057072
0 0.54574 0.700719 0.107285 0.197667
0 0.699875 0.763885 0.169306 0.289767
0 0.325233 0.9511 0.104477 0.0973206
56 0.660302 0.637334 0.0446428 0.0839804
63 0.553727 0.895054 0.156374 0.207818
56 0.0838672 0.710692 0.0487328 0.0830438
63 0.0838055 0.711144 0.0483291 0.0850374
56 0.049203 0.708511 0.0380946 0.103721
0 0.10292 0.628554 0.045145 0.0982982
63 0.419591 0.847612 0.113215 0.177999
56 0.772323 0.860614 0.0439199 0.243692
0 0.148109 0.631543 0.0826208 0.111783
63 0.124997 0.713535 0.0441385 0.0667172
56 0.856246 0.625835 0.0263283 0.140809
62 0.239805 0.780407 0.0801463 0.140424
56 0.124759 0.715254 0.0440065 0.0687849
0 0.426286 0.643561 0.0803987 0.137913
0 0.0478113 0.617147 0.0545158 0.0874731
